      0 5000000000 2009
 210000 2500000000 2013
 420000 1250000000 2017
 630000  625000000 2021
 840000  312500000 2025
1050000  156250000 2029
1260000   78125000 2033
1470000   39062500 2037
1680000   19531250 2041
1890000    9765625 2045
2100000    4882812 2049
2310000    2441406 2053
2520000    1220703 2057
2730000     610351 2061
2940000     305175 2065
3150000     152587 2069
3360000      76293 2073
3570000      38146 2077
3780000      19073 2081
3990000       9536 2085
4200000       4768 2089
4410000       2384 2093
4620000       1192 2097
4830000        596 2101
5040000        298 2105
5250000        149 2109
5460000         74 2113
5670000         37 2117
5880000         18 2121
6090000          9 2125
6300000          4 2129
6510000          2 2133
6720000          1 2137
6930000          0 2141
