0 50.00000000 2008
210000 25.00000000 2012
420000 12.50000000 2016
630000 6.25000000 2020
840000 3.12500000 2024
1050000 1.56250000 2028
1260000 0.78125000 2032
1470000 0.39062500 2036
1680000 0.19531250 2040
1890000 0.09765625 2044
2100000 0.04882812 2048
2310000 0.02441406 2052
2520000 0.01220703 2056
2730000 0.00610351 2060
2940000 0.00305175 2064
3150000 0.00152587 2068
3360000 0.00076293 2072
3570000 0.00038146 2076
3780000 0.00019073 2080
3990000 0.00009536 2084
4200000 0.00004768 2088
4410000 0.00002384 2092
4620000 0.00001192 2096
4830000 0.00000596 2100
5040000 0.00000298 2104
5250000 0.00000149 2108
5460000 0.00000074 2112
5670000 0.00000037 2116
5880000 0.00000018 2120
6090000 0.00000009 2124
6300000 0.00000004 2128
6510000 0.00000002 2132
6720000 0.00000001 2136
6930000 0.00000000 2140
